0102000000000000
0104000000000000
0102000000000000
0104000000000000
0101000000000000
0102000000000000
0101000000000000
0104000000000000
0104000000000000
0102000000000000
0104000000000000
0101000000000000
0104000000000000
0104000000000000
0104000000000000
0101000000000000
0104000000000000
0104000000000000
0104000000000000
0104000000000000
0102000000000000
0101000000000000
0104000000000000
0104000000000000
0104000000000000
0102000000000000
0101000000000000
0104000000000000
0104000000000000
0104000000000000
0102000000000000
0102000000000000
